[564, 558, 561, 563, 569, 570, 559, 556]
[558, 568, 561, 563, 559, 570, 565, 556]
[563, 564, 558, 568, 574, 559, 570, 562]
[561, 573, 564, 563, 570, 556, 569, 559]
[564, 558, 573, 561, 570, 574, 569, 559]
[568, 564, 573, 563, 570, 574, 569, 556]
[568, 564, 563, 558, 562, 565, 556, 569]
[573, 558, 561, 568, 565, 570, 569, 556]
[564, 558, 561, 573, 570, 556, 565, 562]
[573, 563, 568, 558, 559, 574, 562, 569]
[558, 568, 563, 561, 569, 556, 570, 574]
[558, 568, 573, 563, 570, 556, 559, 571]
[564, 561, 563, 568, 570, 559, 556, 562]
[564, 558, 561, 563, 569, 570, 559, 556]
[558, 568, 561, 563, 559, 570, 565, 556]
[563, 564, 558, 568, 574, 559, 570, 562]
[561, 573, 564, 563, 570, 556, 569, 559]
[564, 558, 573, 561, 570, 574, 569, 559]
[568, 564, 573, 563, 570, 574, 569, 556]
[564, 558, 561, 563, 569, 570, 559, 556]
[558, 568, 561, 563, 559, 570, 565, 556]
[563, 564, 558, 568, 574, 559, 570, 562]
[561, 573, 564, 563, 570, 556, 569, 559]
[564, 558, 573, 561, 570, 574, 569, 559]
[568, 564, 573, 563, 570, 574, 569, 556]
[564, 558, 561, 563, 569, 570, 559, 556]
[558, 568, 561, 563, 559, 570, 565, 556]
[563, 564, 558, 568, 574, 559, 570, 562]
[561, 573, 564, 563, 570, 556, 569, 559]
[564, 558, 573, 561, 570, 574, 569, 559]
[568, 564, 573, 563, 570, 574, 569, 556]
[558, 561, 563, 568, 570, 565, 559, 556]
[558, 561, 563, 564, 559, 570, 565, 562]
[563, 561, 558, 568, 574, 570, 565, 569]
[561, 563, 558, 568, 570, 569, 559, 556]
[573, 561, 563, 568, 570, 569, 574, 556]
[568, 563, 561, 564, 570, 574, 569, 556]
[564, 558, 561, 563, 569, 570, 559, 556]
[558, 568, 561, 563, 559, 570, 565, 556]
[563, 564, 558, 568, 574, 559, 570, 562]
[561, 573, 564, 563, 570, 556, 569, 559]
[564, 558, 573, 561, 570, 574, 569, 559]
[568, 564, 573, 563, 570, 574, 569, 556]
[564, 558, 561, 563, 569, 570, 559, 556]
[558, 568, 561, 563, 559, 570, 565, 556]
[563, 564, 558, 568, 574, 559, 570, 562]
[561, 573, 564, 563, 570, 556, 569, 559]
[564, 558, 573, 561, 570, 574, 569, 559]
[568, 564, 573, 563, 570, 574, 569, 556]
[558, 561, 563, 568, 570, 565, 559, 556]
[558, 561, 563, 564, 559, 570, 565, 562]
[563, 561, 558, 568, 574, 570, 565, 569]
[561, 563, 558, 568, 570, 569, 559, 556]
[573, 561, 563, 568, 570, 569, 574, 556]
[568, 563, 561, 564, 570, 574, 569, 556]
[564, 558, 561, 563, 569, 570, 559, 556]
[558, 568, 561, 563, 559, 570, 565, 556]
[563, 564, 558, 568, 574, 559, 570, 562]
[561, 573, 564, 563, 570, 556, 569, 559]
[564, 558, 573, 561, 570, 574, 569, 559]
[568, 564, 573, 563, 570, 574, 569, 556]
[558, 561, 563, 568, 570, 565, 559, 556]
[558, 561, 563, 564, 559, 570, 565, 562]
[563, 561, 558, 568, 574, 570, 565, 569]
[561, 563, 558, 568, 570, 569, 559, 556]
[573, 561, 563, 568, 570, 569, 574, 556]
[568, 563, 561, 564, 570, 574, 569, 556]
[558, 561, 563, 568, 570, 565, 559, 556]
[558, 561, 563, 564, 559, 570, 565, 562]
[563, 561, 558, 568, 574, 570, 565, 569]
[561, 563, 558, 568, 570, 569, 559, 556]
[573, 561, 563, 568, 570, 569, 574, 556]
[568, 563, 561, 564, 570, 574, 569, 556]
[558, 561, 563, 568, 570, 565, 559, 556]
[558, 561, 563, 564, 559, 570, 565, 562]
[563, 561, 558, 568, 574, 570, 565, 569]
[561, 563, 558, 568, 570, 569, 559, 556]
[573, 561, 563, 568, 570, 569, 574, 556]
[568, 563, 561, 564, 570, 574, 569, 556]
[558, 561, 563, 568, 570, 565, 559, 556]
[558, 561, 563, 564, 559, 570, 565, 562]
[563, 561, 558, 568, 574, 570, 565, 569]
[561, 563, 558, 568, 570, 569, 559, 556]
[573, 561, 563, 568, 570, 569, 574, 556]
[568, 563, 561, 564, 570, 574, 569, 556]
[558, 561, 563, 568, 570, 565, 559, 556]
[558, 561, 563, 564, 559, 570, 565, 562]
[563, 561, 558, 568, 574, 570, 565, 569]
[561, 563, 558, 568, 570, 569, 559, 556]
[573, 561, 563, 568, 570, 569, 574, 556]
[568, 563, 561, 564, 570, 574, 569, 556]
[558, 561, 563, 568, 570, 565, 559, 556]
[558, 561, 563, 564, 559, 570, 565, 562]
[563, 561, 558, 568, 574, 570, 565, 569]
[561, 563, 558, 568, 570, 569, 559, 556]
[573, 561, 563, 568, 570, 569, 574, 556]
[568, 563, 561, 564, 570, 574, 569, 556]
[558, 561, 563, 568, 570, 565, 559, 556]
[558, 561, 563, 564, 559, 570, 565, 562]
[563, 561, 558, 568, 574, 570, 565, 569]
[561, 563, 558, 568, 570, 569, 559, 556]
[573, 561, 563, 568, 570, 569, 574, 556]
[568, 563, 561, 564, 570, 574, 569, 556]
[564, 558, 561, 563, 569, 570, 559, 556]
[558, 568, 561, 563, 559, 570, 565, 556]
[563, 564, 558, 568, 574, 559, 570, 562]
[561, 573, 564, 563, 570, 556, 569, 559]
[564, 558, 573, 561, 570, 574, 569, 559]
[568, 564, 573, 563, 570, 574, 569, 556]
