[558, 561, 555, 568, 556, 565, 569, 559]
[558, 568, 561, 563, 559, 570, 565, 556]
[563, 558, 568, 573, 569, 574, 559, 570]
[561, 563, 558, 568, 570, 556, 569, 559]
[573, 561, 563, 568, 570, 569, 556, 562]
[568, 564, 563, 561, 570, 569, 556, 562]
[568, 558, 564, 563, 562, 565, 556, 569]
[558, 561, 568, 555, 565, 556, 569, 570]
[564, 558, 561, 555, 570, 556, 565, 562]
[563, 568, 561, 555, 559, 562, 569, 570]
[558, 568, 563, 561, 569, 556, 570, 559]
[558, 568, 573, 563, 570, 556, 571, 569]
[564, 561, 563, 568, 570, 556, 562, 569]
[558, 561, 555, 568, 556, 565, 569, 559]
[558, 568, 561, 563, 559, 570, 565, 556]
[563, 558, 568, 573, 569, 574, 559, 570]
[561, 563, 558, 568, 570, 556, 569, 559]
[573, 561, 563, 568, 570, 569, 556, 562]
[568, 564, 563, 561, 570, 569, 556, 562]
[558, 561, 555, 568, 556, 565, 569, 559]
[558, 568, 561, 563, 559, 570, 565, 556]
[563, 558, 568, 573, 569, 574, 559, 570]
[561, 563, 558, 568, 570, 556, 569, 559]
[573, 561, 563, 568, 570, 569, 556, 562]
[568, 564, 563, 561, 570, 569, 556, 562]
[558, 561, 555, 568, 556, 565, 569, 559]
[558, 568, 561, 563, 559, 570, 565, 556]
[563, 558, 568, 573, 569, 574, 559, 570]
[561, 563, 558, 568, 570, 556, 569, 559]
[573, 561, 563, 568, 570, 569, 556, 562]
[568, 564, 563, 561, 570, 569, 556, 562]
[558, 561, 555, 568, 570, 556, 565, 559]
[558, 568, 561, 555, 559, 570, 556, 562]
[563, 558, 568, 555, 569, 574, 559, 570]
[561, 563, 558, 568, 570, 556, 569, 559]
[573, 561, 563, 555, 570, 569, 556, 574]
[568, 564, 563, 561, 570, 569, 556, 562]
[558, 561, 555, 568, 556, 565, 569, 559]
[558, 568, 561, 563, 559, 570, 565, 556]
[563, 558, 568, 573, 569, 574, 559, 570]
[561, 563, 558, 568, 570, 556, 569, 559]
[573, 561, 563, 568, 570, 569, 556, 562]
[568, 564, 563, 561, 570, 569, 556, 562]
[558, 561, 555, 568, 556, 565, 569, 559]
[558, 568, 561, 563, 559, 570, 565, 556]
[563, 558, 568, 573, 569, 574, 559, 570]
[561, 563, 558, 568, 570, 556, 569, 559]
[573, 561, 563, 568, 570, 569, 556, 562]
[568, 564, 563, 561, 570, 569, 556, 562]
[558, 561, 555, 568, 570, 556, 565, 559]
[558, 568, 561, 555, 559, 570, 556, 562]
[563, 558, 568, 555, 569, 574, 559, 570]
[561, 563, 558, 568, 570, 556, 569, 559]
[573, 561, 563, 555, 570, 569, 556, 574]
[568, 564, 563, 561, 570, 569, 556, 562]
[558, 561, 555, 568, 556, 565, 569, 559]
[558, 568, 561, 563, 559, 570, 565, 556]
[563, 558, 568, 573, 569, 574, 559, 570]
[561, 563, 558, 568, 570, 556, 569, 559]
[573, 561, 563, 568, 570, 569, 556, 562]
[568, 564, 563, 561, 570, 569, 556, 562]
[558, 561, 555, 568, 570, 556, 565, 559]
[558, 568, 561, 555, 559, 570, 556, 562]
[563, 558, 568, 555, 569, 574, 559, 570]
[561, 563, 558, 568, 570, 556, 569, 559]
[573, 561, 563, 555, 570, 569, 556, 574]
[568, 564, 563, 561, 570, 569, 556, 562]
[558, 561, 555, 568, 570, 556, 565, 559]
[558, 568, 561, 555, 559, 570, 556, 562]
[563, 558, 568, 555, 569, 574, 559, 570]
[561, 563, 558, 568, 570, 556, 569, 559]
[573, 561, 563, 555, 570, 569, 556, 574]
[568, 564, 563, 561, 570, 569, 556, 562]
[558, 561, 555, 568, 570, 556, 565, 559]
[558, 568, 561, 555, 559, 570, 556, 562]
[563, 558, 568, 555, 569, 574, 559, 570]
[561, 563, 558, 568, 570, 556, 569, 559]
[573, 561, 563, 555, 570, 569, 556, 574]
[568, 564, 563, 561, 570, 569, 556, 562]
[558, 561, 555, 568, 570, 556, 565, 559]
[558, 568, 561, 555, 559, 570, 556, 562]
[563, 558, 568, 555, 569, 574, 559, 570]
[561, 563, 558, 568, 570, 556, 569, 559]
[573, 561, 563, 555, 570, 569, 556, 574]
[568, 564, 563, 561, 570, 569, 556, 562]
[558, 561, 555, 568, 570, 556, 565, 559]
[558, 568, 561, 555, 559, 570, 556, 562]
[563, 558, 568, 555, 569, 574, 559, 570]
[561, 563, 558, 568, 570, 556, 569, 559]
[573, 561, 563, 555, 570, 569, 556, 574]
[568, 564, 563, 561, 570, 569, 556, 562]
[558, 561, 555, 568, 570, 556, 565, 559]
[558, 568, 561, 555, 559, 570, 556, 562]
[563, 558, 568, 555, 569, 574, 559, 570]
[561, 563, 558, 568, 570, 556, 569, 559]
[573, 561, 563, 555, 570, 569, 556, 574]
[568, 564, 563, 561, 570, 569, 556, 562]
[558, 561, 555, 568, 570, 556, 565, 559]
[558, 568, 561, 555, 559, 570, 556, 562]
[563, 558, 568, 555, 569, 574, 559, 570]
[561, 563, 558, 568, 570, 556, 569, 559]
[573, 561, 563, 555, 570, 569, 556, 574]
[568, 564, 563, 561, 570, 569, 556, 562]
[558, 561, 555, 568, 556, 565, 569, 559]
[558, 568, 561, 563, 559, 570, 565, 556]
[563, 558, 568, 573, 569, 574, 559, 570]
[561, 563, 558, 568, 570, 556, 569, 559]
[573, 561, 563, 568, 570, 569, 556, 562]
[568, 564, 563, 561, 570, 569, 556, 562]
