[564, 558, 561, 563, 562, 570, 559, 556]
[558, 561, 555, 563, 559, 570, 565, 556]
[563, 558, 568, 561, 569, 559, 570, 556]
[561, 564, 563, 558, 570, 556, 569, 559]
[564, 558, 573, 561, 570, 574, 559, 569]
[568, 555, 564, 573, 570, 574, 571, 569]
[568, 561, 558, 555, 562, 565, 556, 559]
[558, 561, 568, 564, 565, 570, 556, 559]
[564, 558, 561, 555, 570, 556, 565, 562]
[563, 568, 561, 555, 559, 562, 569, 570]
[558, 568, 563, 561, 569, 556, 570, 562]
[558, 555, 568, 573, 570, 556, 559, 571]
[564, 561, 563, 568, 570, 559, 556, 562]
[564, 558, 561, 563, 562, 570, 559, 556]
[558, 561, 555, 563, 559, 570, 565, 556]
[563, 558, 568, 561, 569, 559, 570, 556]
[561, 564, 563, 558, 570, 556, 569, 559]
[564, 558, 573, 561, 570, 574, 559, 569]
[568, 555, 564, 573, 570, 574, 571, 569]
[564, 558, 561, 563, 562, 570, 559, 556]
[558, 561, 555, 563, 559, 570, 565, 556]
[563, 558, 568, 561, 569, 559, 570, 556]
[561, 564, 563, 558, 570, 556, 569, 559]
[564, 558, 573, 561, 570, 574, 559, 569]
[568, 555, 564, 573, 570, 574, 571, 569]
[564, 558, 561, 563, 562, 570, 559, 556]
[558, 561, 555, 563, 559, 570, 565, 556]
[563, 558, 568, 561, 569, 559, 570, 556]
[561, 564, 563, 558, 570, 556, 569, 559]
[564, 558, 573, 561, 570, 574, 559, 569]
[568, 555, 564, 573, 570, 574, 571, 569]
[564, 558, 561, 563, 570, 559, 556, 562]
[558, 564, 561, 563, 559, 570, 565, 556]
[563, 558, 568, 561, 569, 559, 570, 556]
[561, 564, 563, 558, 570, 556, 569, 559]
[564, 558, 561, 563, 570, 569, 556, 562]
[568, 564, 563, 561, 570, 569, 559, 562]
[564, 558, 561, 563, 562, 570, 559, 556]
[558, 561, 555, 563, 559, 570, 565, 556]
[563, 558, 568, 561, 569, 559, 570, 556]
[561, 564, 563, 558, 570, 556, 569, 559]
[564, 558, 573, 561, 570, 574, 559, 569]
[568, 555, 564, 573, 570, 574, 571, 569]
[564, 558, 561, 563, 562, 570, 559, 556]
[558, 561, 555, 563, 559, 570, 565, 556]
[563, 558, 568, 561, 569, 559, 570, 556]
[561, 564, 563, 558, 570, 556, 569, 559]
[564, 558, 573, 561, 570, 574, 559, 569]
[568, 555, 564, 573, 570, 574, 571, 569]
[564, 558, 561, 563, 570, 559, 556, 562]
[558, 564, 561, 563, 559, 570, 565, 556]
[563, 558, 568, 561, 569, 559, 570, 556]
[561, 564, 563, 558, 570, 556, 569, 559]
[564, 558, 561, 563, 570, 569, 556, 562]
[568, 564, 563, 561, 570, 569, 559, 562]
[564, 558, 561, 563, 562, 570, 559, 556]
[558, 561, 555, 563, 559, 570, 565, 556]
[563, 558, 568, 561, 569, 559, 570, 556]
[561, 564, 563, 558, 570, 556, 569, 559]
[564, 558, 573, 561, 570, 574, 559, 569]
[568, 555, 564, 573, 570, 574, 571, 569]
[564, 558, 561, 563, 570, 559, 556, 562]
[558, 564, 561, 563, 559, 570, 565, 556]
[563, 558, 568, 561, 569, 559, 570, 556]
[561, 564, 563, 558, 570, 556, 569, 559]
[564, 558, 561, 563, 570, 569, 556, 562]
[568, 564, 563, 561, 570, 569, 559, 562]
[564, 558, 561, 563, 570, 559, 556, 562]
[558, 564, 561, 563, 559, 570, 565, 556]
[563, 558, 568, 561, 569, 559, 570, 556]
[561, 564, 563, 558, 570, 556, 569, 559]
[564, 558, 561, 563, 570, 569, 556, 562]
[568, 564, 563, 561, 570, 569, 559, 562]
[564, 558, 561, 563, 570, 559, 556, 562]
[558, 564, 561, 563, 559, 570, 565, 556]
[563, 558, 568, 561, 569, 559, 570, 556]
[561, 564, 563, 558, 570, 556, 569, 559]
[564, 558, 561, 563, 570, 569, 556, 562]
[568, 564, 563, 561, 570, 569, 559, 562]
[564, 558, 561, 563, 570, 559, 556, 562]
[558, 564, 561, 563, 559, 570, 565, 556]
[563, 558, 568, 561, 569, 559, 570, 556]
[561, 564, 563, 558, 570, 556, 569, 559]
[564, 558, 561, 563, 570, 569, 556, 562]
[568, 564, 563, 561, 570, 569, 559, 562]
[564, 558, 561, 563, 570, 559, 556, 562]
[558, 564, 561, 563, 559, 570, 565, 556]
[563, 558, 568, 561, 569, 559, 570, 556]
[561, 564, 563, 558, 570, 556, 569, 559]
[564, 558, 561, 563, 570, 569, 556, 562]
[568, 564, 563, 561, 570, 569, 559, 562]
[564, 558, 561, 563, 570, 559, 556, 562]
[558, 564, 561, 563, 559, 570, 565, 556]
[563, 558, 568, 561, 569, 559, 570, 556]
[561, 564, 563, 558, 570, 556, 569, 559]
[564, 558, 561, 563, 570, 569, 556, 562]
[568, 564, 563, 561, 570, 569, 559, 562]
[564, 558, 561, 563, 570, 559, 556, 562]
[558, 564, 561, 563, 559, 570, 565, 556]
[563, 558, 568, 561, 569, 559, 570, 556]
[561, 564, 563, 558, 570, 556, 569, 559]
[564, 558, 561, 563, 570, 569, 556, 562]
[568, 564, 563, 561, 570, 569, 559, 562]
[564, 558, 561, 563, 562, 570, 559, 556]
[558, 561, 555, 563, 559, 570, 565, 556]
[563, 558, 568, 561, 569, 559, 570, 556]
[561, 564, 563, 558, 570, 556, 569, 559]
[564, 558, 573, 561, 570, 574, 559, 569]
[568, 555, 564, 573, 570, 574, 571, 569]
