[558, 561, 555, 568, 562, 570, 556, 565]
[558, 568, 561, 563, 559, 570, 565, 556]
[563, 558, 568, 561, 569, 559, 570, 562]
[561, 563, 558, 568, 570, 556, 569, 559]
[564, 573, 561, 563, 570, 569, 556, 562]
[568, 564, 563, 561, 570, 569, 556, 562]
[568, 558, 563, 564, 562, 565, 559, 556]
[558, 561, 568, 555, 565, 570, 569, 556]
[564, 558, 561, 555, 570, 556, 565, 562]
[563, 568, 561, 555, 559, 562, 569, 570]
[558, 568, 563, 561, 569, 556, 570, 559]
[558, 568, 573, 563, 570, 556, 571, 569]
[564, 561, 563, 568, 570, 559, 556, 562]
[558, 561, 555, 568, 570, 556, 565, 569]
[558, 568, 561, 555, 559, 570, 565, 556]
[563, 558, 568, 564, 569, 559, 570, 562]
[561, 563, 558, 568, 570, 556, 569, 559]
[564, 573, 561, 563, 570, 569, 556, 562]
[568, 564, 563, 561, 570, 569, 556, 562]
[558, 561, 555, 568, 570, 559, 556, 565]
[558, 568, 561, 563, 559, 570, 565, 556]
[563, 558, 568, 564, 559, 570, 562, 569]
[561, 563, 558, 568, 570, 556, 569, 559]
[564, 573, 561, 563, 570, 569, 556, 571]
[568, 564, 563, 561, 570, 569, 556, 559]
[558, 561, 555, 568, 570, 556, 565, 569]
[558, 568, 561, 555, 559, 570, 565, 556]
[563, 558, 568, 561, 569, 559, 570, 562]
[561, 563, 558, 568, 570, 556, 569, 559]
[573, 561, 563, 568, 570, 569, 556, 562]
[568, 564, 563, 561, 570, 569, 556, 559]
[558, 561, 555, 568, 570, 556, 565, 569]
[558, 568, 561, 555, 559, 570, 565, 556]
[563, 558, 568, 561, 559, 570, 556, 569]
[561, 563, 558, 568, 570, 556, 569, 559]
[573, 561, 563, 564, 570, 569, 556, 571]
[568, 564, 563, 561, 570, 569, 556, 562]
[558, 561, 555, 568, 570, 559, 556, 565]
[558, 568, 561, 563, 559, 570, 565, 556]
[563, 558, 568, 561, 569, 559, 570, 562]
[561, 563, 558, 568, 570, 556, 569, 559]
[564, 573, 561, 563, 570, 569, 556, 562]
[568, 564, 563, 561, 570, 569, 556, 562]
[558, 561, 555, 568, 570, 556, 565, 569]
[558, 568, 561, 563, 559, 570, 565, 556]
[563, 558, 568, 561, 569, 559, 570, 562]
[561, 563, 558, 568, 570, 556, 569, 559]
[564, 573, 561, 563, 570, 569, 556, 562]
[568, 564, 563, 561, 570, 569, 556, 562]
[558, 561, 555, 568, 570, 556, 565, 569]
[558, 568, 561, 563, 559, 570, 565, 556]
[563, 564, 558, 561, 559, 570, 556, 562]
[561, 563, 558, 568, 570, 556, 559, 569]
[573, 561, 563, 564, 570, 569, 556, 571]
[568, 564, 563, 561, 570, 569, 556, 562]
[558, 561, 555, 568, 570, 556, 565, 569]
[558, 568, 561, 563, 559, 570, 565, 556]
[563, 558, 568, 561, 569, 559, 570, 562]
[561, 563, 558, 568, 570, 556, 569, 559]
[564, 573, 561, 563, 570, 559, 569, 556]
[568, 564, 563, 561, 570, 569, 556, 559]
[558, 561, 555, 568, 570, 556, 565, 559]
[568, 561, 563, 558, 559, 570, 556, 562]
[563, 564, 558, 568, 559, 570, 569, 556]
[561, 563, 558, 568, 570, 556, 569, 559]
[564, 558, 573, 561, 570, 569, 556, 571]
[568, 564, 563, 561, 570, 569, 556, 562]
[558, 561, 555, 568, 570, 556, 565, 559]
[558, 568, 561, 563, 559, 570, 556, 562]
[563, 564, 558, 568, 559, 570, 569, 562]
[561, 563, 558, 568, 570, 556, 569, 559]
[573, 561, 563, 564, 570, 569, 556, 571]
[568, 564, 563, 561, 570, 569, 556, 562]
[558, 561, 555, 568, 570, 556, 565, 569]
[558, 568, 561, 563, 559, 570, 565, 556]
[563, 558, 564, 568, 559, 570, 569, 574]
[561, 563, 558, 568, 570, 556, 569, 559]
[558, 573, 561, 563, 570, 569, 556, 571]
[568, 564, 563, 561, 570, 569, 556, 562]
[558, 561, 555, 568, 570, 556, 565, 569]
[558, 568, 561, 563, 559, 570, 565, 556]
[563, 558, 568, 561, 559, 570, 556, 562]
[561, 563, 558, 568, 570, 556, 569, 559]
[558, 573, 561, 563, 570, 569, 556, 571]
[568, 564, 563, 561, 570, 569, 556, 562]
[558, 561, 555, 568, 570, 556, 565, 569]
[558, 568, 561, 555, 559, 570, 565, 556]
[563, 564, 558, 568, 559, 570, 562, 569]
[561, 563, 558, 568, 570, 556, 569, 559]
[573, 561, 563, 564, 570, 569, 556, 559]
[568, 564, 563, 561, 570, 569, 556, 562]
[558, 561, 555, 568, 570, 556, 565, 569]
[558, 568, 561, 563, 559, 570, 565, 556]
[563, 558, 568, 561, 559, 570, 556, 569]
[561, 563, 558, 568, 570, 556, 569, 559]
[573, 561, 563, 564, 570, 569, 556, 571]
[568, 564, 563, 561, 570, 569, 556, 562]
[558, 561, 555, 568, 570, 556, 565, 569]
[558, 568, 561, 563, 559, 570, 565, 556]
[563, 564, 558, 568, 559, 570, 562, 569]
[561, 563, 558, 568, 570, 556, 559, 569]
[573, 561, 563, 558, 570, 569, 556, 571]
[568, 564, 563, 561, 570, 569, 556, 562]
[558, 561, 555, 568, 570, 556, 565, 569]
[558, 568, 561, 563, 559, 570, 565, 556]
[563, 558, 568, 561, 569, 559, 570, 562]
[561, 563, 558, 568, 570, 556, 569, 559]
[564, 558, 573, 561, 570, 569, 556, 562]
[568, 564, 563, 561, 570, 569, 556, 562]
