[558, 561, 555, 568, 570, 556, 565, 559]
[558, 568, 561, 563, 559, 570, 556, 562]
[563, 558, 568, 561, 569, 574, 559, 570]
[561, 563, 558, 568, 570, 556, 569, 559]
[573, 561, 563, 555, 570, 569, 556, 574]
[568, 564, 563, 561, 570, 569, 556, 562]
[558, 561, 555, 568, 570, 556, 565, 559]
[558, 568, 561, 563, 559, 570, 556, 562]
[563, 558, 568, 561, 559, 570, 556, 574]
[561, 563, 558, 568, 570, 556, 569, 559]
[573, 561, 563, 555, 570, 569, 556, 574]
[568, 564, 563, 561, 570, 569, 556, 562]
[558, 561, 555, 568, 570, 559, 556, 565]
[558, 568, 561, 563, 559, 570, 565, 556]
[563, 558, 568, 561, 559, 570, 556, 562]
[561, 563, 558, 568, 570, 556, 569, 559]
[564, 573, 561, 563, 570, 569, 556, 562]
[568, 564, 563, 561, 570, 569, 556, 562]
